-10.0	0.0
-9.9	0.0
-9.8	0.0
-9.700000000000001	0.0
-9.600000000000001	0.0
-9.500000000000002	0.0
-9.400000000000002	0.0
-9.300000000000002	0.0
-9.200000000000003	0.0
-9.100000000000003	0.0
-9.000000000000004	0.0
-8.900000000000004	0.0
-8.800000000000004	0.0
-8.700000000000005	0.0
-8.600000000000005	0.0
-8.500000000000005	0.0
-8.400000000000006	0.0
-8.300000000000006	0.0
-8.200000000000006	0.0
-8.100000000000007	0.0
-8.000000000000007	0.0
-7.9000000000000075	0.0
-7.800000000000008	0.0
-7.700000000000008	0.0
-7.6000000000000085	0.0
-7.500000000000009	0.0
-7.400000000000009	0.0
-7.30000000000001	0.0
-7.20000000000001	0.0
-7.10000000000001	0.0
-7.000000000000011	0.0
-6.900000000000011	0.0
-6.800000000000011	0.0
-6.700000000000012	0.0
-6.600000000000012	0.0
-6.500000000000012	0.0
-6.400000000000013	0.0
-6.300000000000013	0.0
-6.2000000000000135	0.0
-6.100000000000014	0.0
-6.000000000000014	0.0
-5.900000000000015	0.0
-5.800000000000015	0.0
-5.700000000000015	0.0
-5.600000000000016	0.0
-5.500000000000016	0.0
-5.400000000000016	0.0
-5.300000000000017	0.0
-5.200000000000017	0.0
-5.100000000000017	0.0
-5.000000000000018	0.0
-4.900000000000018	-1.416136796585088E-5
-4.8000000000000185	-5.664547187148733E-5
-4.700000000000019	-1.2745231171414767E-4
-4.600000000000019	-2.2658188749379374E-4
-4.5000000000000195	-3.5403419921044635E-4
-4.40000000000002	-5.09809246864109E-4
-4.30000000000002	-6.939070304547747E-4
-4.200000000000021	-9.063275499824469E-4
-4.100000000000021	-0.0011470708054471257
-4.000000000000021	-0.0014161367968488006
-3.9000000000000212	-0.001713525524187489
-3.800000000000021	-0.0020392369874631805
-3.700000000000021	-0.002393271186675882
-3.600000000000021	-0.002775628121825576
-3.500000000000021	-0.0031863077929122838
-3.400000000000021	-0.003625310199935998
-3.3000000000000207	-0.00409263534289671
-3.2000000000000206	-0.004588283221794434
-3.1000000000000205	-0.005112253836629161
-3.0000000000000204	-0.005664547187400887
-2.9000000000000203	-0.006245163274109627
-2.8000000000000203	-0.006854102096755368
-2.70000000000002	-0.007491363655338109
-2.60000000000002	-0.008156947949857864
-2.50000000000002	-0.008850854980314621
-2.40000000000002	-0.009573084746708376
-2.30000000000002	-0.010323637249039144
-2.2000000000000197	-0.011102512487306919
-2.1000000000000196	-0.011909710461511692
-2.0000000000000195	-0.012745231171653472
-1.9000000000000195	-0.01360907461773226
-1.8000000000000194	-0.014501240799748048
-1.7000000000000193	-0.015421729717700842
-1.6000000000000192	-0.016370541371590646
-1.500000000000019	-0.01734767576141745
-1.400000000000019	-0.01835313288718126
-1.300000000000019	-0.019386912748882077
-1.2000000000000188	-0.020449015346519897
-1.1000000000000187	-0.02153944068009472
-1.0000000000000187	-0.022658188749606553
-0.9000000000000187	-0.023805259555055386
-0.8000000000000187	-0.024980653096441225
-0.7000000000000187	-0.026184369373764067
-0.6000000000000187	-0.02741640838702392
-0.5000000000000188	-0.028676770136220768
-0.4000000000000188	-0.029965454621354626
-0.3000000000000188	-0.03128246184242549
-0.2000000000000188	-0.03262779179943336
-0.1000000000000188	-0.034001444492378234
-1.8790524691780774E-14	-0.035403419921260115
0.09999999999998122	-0.037259639521689245
0.19999999999998122	-0.039016795525079896
0.2999999999999812	-0.040674834003791766
0.39999999999998126	-0.04223354022872552
0.49999999999998124	-0.04369254575000669
0.5999999999999812	-0.04505134237478038
0.6999999999999812	-0.04630930359283641
0.7999999999999812	-0.047465714000785114
0.8999999999999811	-0.048519807275503216
0.9999999999999811	-0.049470813247569946
1.0999999999999812	-0.05116144626807095
1.1999999999999813	-0.05287365046302738
1.2999999999999814	-0.054565030917288114
1.3999999999999815	-0.056221561618135685
1.4999999999999816	-0.057829016406975624
1.5999999999999817	-0.05937302884098318
1.6999999999999817	-0.06083914997862362
1.7999999999999818	-0.06221290179437986
1.899999999999982	-0.06347982392802157
1.999999999999982	-0.06462551147374922
2.099999999999982	-0.06563564151454758
2.199999999999982	-0.0664959861070818
2.299999999999982	-0.06719240942247089
2.399999999999982	-0.06771084674827132
2.4999999999999822	-0.06803726305700598
2.5999999999999823	-0.06815758884657123
2.6999999999999824	-0.06805763095785657
2.7999999999999825	-0.06772295607491073
2.8999999999999826	-0.06713874461298795
2.9999999999999827	-0.06628961269980838
3.0999999999999828	-0.06515939995536651
3.199999999999983	-0.06373092077562167
3.299999999999983	-0.06198567682540415
3.399999999999983	-0.059903528445871226
3.499999999999983	-0.05746232268184667
3.599999999999983	-0.0546374756343778
3.6999999999999833	-0.051401506843844105
3.7999999999999834	-0.04772352340895073
3.8999999999999835	-0.04356865154694179
3.9999999999999836	-0.03889741330036618
4.099999999999984	-0.03366504609573652
4.199999999999983	-0.027820762859379955
4.299999999999983	-0.021306950395900998
4.399999999999983	-0.01405830373447614
4.499999999999982	-0.006000894148399993
4.599999999999982	0.0029488314468193166
4.6999999999999815	0.012885122011472905
4.799999999999981	0.023914067110440307
4.899999999999981	0.03615481714742025
4.9999999999999805	0.049740881399269965
5.09999999999998	0.14438271186200302
5.19999999999998	0.16994247070494872
5.299999999999979	0.19858810310942393
5.399999999999979	0.23067068363214527
5.499999999999979	0.26657610347084615
5.599999999999978	0.3067276369499746
5.699999999999978	0.35158862916475764
5.799999999999978	0.40166530753724117
5.899999999999977	0.45750972003789525
5.999999999999977	0.5197228028263869
6.0999999999999766	0.6545737487186667
6.199999999999976	0.7342104578473796
6.299999999999976	0.8224168164338994
6.3999999999999755	0.9200234467351285
6.499999999999975	1.027927235064541
6.599999999999975	1.1470952337735518
6.699999999999974	1.2785687119272526
6.799999999999974	1.4234673574281103
6.899999999999974	1.5829936333412196
6.999999999999973	1.7584372911747357
7.099999999999973	-0.036238940631397126
7.199999999999973	-0.035630001808751074
7.299999999999972	-0.03499274025016802
7.399999999999972	-0.034327155955647934
7.499999999999972	-0.033633248925190845
7.599999999999971	-0.03291101915879677
7.699999999999971	-0.03216046665646566
7.7999999999999705	-0.031381591418197546
7.89999999999997	-0.030574393443992418
7.99999999999997	-0.0297388727338503
8.09999999999997	-0.02887502928777115
8.199999999999969	-0.027982863105755
8.299999999999969	-0.027062374187801858
8.399999999999968	-0.026113562533911658
8.499999999999968	-0.025136428144084497
8.599999999999968	-0.024130971018320305
8.699999999999967	-0.023097191156619123
8.799999999999967	-0.022035088558980898
8.899999999999967	-0.02094466322540571
8.999999999999966	-0.019825915155893478
9.099999999999966	-0.01867884435044423
9.199999999999966	-0.01750345080905799
9.299999999999965	-0.016299734531734736
9.399999999999965	-0.015067695518474505
9.499999999999964	-0.01380733376927723
9.599999999999964	-0.012518649284142924
9.699999999999964	-0.011201642063071643
9.799999999999963	-0.009856312106063359
9.899999999999963	-0.008482659413118043
9.999999999999963	-0.007080683984235725
10.099999999999962	-0.005735354027149087
10.199999999999962	-0.004531637749828121
10.299999999999962	-0.0034695351521921713
10.399999999999961	-0.0025490462342412368
10.499999999999961	-0.0017701709959752066
10.59999999999996	-0.0011329094373944137
10.69999999999996	-6.372615584984143E-4
10.79999999999996	-2.832273592876522E-4
10.89999999999996	-7.080683976179447E-5
10.99999999999996	7.882583474838611E-14
11.099999999999959	0.0
11.199999999999958	0.0
11.299999999999958	0.0
11.399999999999958	0.0
11.499999999999957	0.0
11.599999999999957	0.0
11.699999999999957	0.0
11.799999999999956	0.0
11.899999999999956	0.0
11.999999999999956	0.0
12.099999999999955	0.0
12.199999999999955	0.0
12.299999999999955	0.0
12.399999999999954	0.0
12.499999999999954	0.0
12.599999999999953	0.0
12.699999999999953	0.0
12.799999999999953	0.0
12.899999999999952	0.0
12.999999999999952	0.0
13.099999999999952	0.0
13.199999999999951	0.0
13.299999999999951	0.0
13.39999999999995	0.0
13.49999999999995	0.0
13.59999999999995	0.0
13.69999999999995	0.0
13.79999999999995	0.0
13.899999999999949	0.0
13.999999999999948	0.0
14.099999999999948	0.0
14.199999999999948	0.0
14.299999999999947	0.0
14.399999999999947	0.0
14.499999999999947	0.0
14.599999999999946	0.0
14.699999999999946	0.0
14.799999999999946	0.0
14.899999999999945	0.0
14.999999999999945	0.0
15.099999999999945	0.0
15.199999999999944	0.0
15.299999999999944	0.0
15.399999999999944	0.0
15.499999999999943	0.0
15.599999999999943	0.0
15.699999999999942	0.0
15.799999999999942	0.0
15.899999999999942	0.0
15.999999999999941	0.0
16.09999999999994	0.0
16.199999999999942	0.0
16.299999999999944	0.0
16.399999999999945	0.0
16.499999999999947	0.0
16.599999999999948	0.0
16.69999999999995	0.0
16.79999999999995	0.0
16.899999999999952	0.0
16.999999999999954	0.0
17.099999999999955	0.0
17.199999999999957	0.0
17.299999999999958	0.0
17.39999999999996	0.0
17.49999999999996	0.0
17.599999999999962	0.0
17.699999999999964	0.0
17.799999999999965	0.0
17.899999999999967	0.0
17.999999999999968	0.0
18.09999999999997	0.0
18.19999999999997	0.0
18.299999999999972	0.0
18.399999999999974	0.0
18.499999999999975	0.0
18.599999999999977	0.0
18.699999999999978	0.0
18.79999999999998	0.0
18.89999999999998	0.0
18.999999999999982	0.0
19.099999999999984	0.0
19.199999999999985	0.0
19.299999999999986	0.0
19.399999999999988	0.0
19.49999999999999	0.0
19.59999999999999	0.0
19.699999999999992	0.0
19.799999999999994	0.0
19.899999999999995	0.0
19.999999999999996	0.0
